[gd_scene load_steps=4 format=3 uid="uid://vgmqlsmm5ncg"]

[ext_resource type="ArrayMesh" uid="uid://c1vtlrfbbnbwk" path="res://assets/textures/model_textures/Mesh/Ranken_Mesh.res" id="1_mwkne"]

[sub_resource type="PlaneMesh" id="PlaneMesh_ntce0"]
size = Vector2(15, 2)

[sub_resource type="MultiMesh" id="MultiMesh_eaxxc"]
transform_format = 1
instance_count = 8
mesh = ExtResource("1_mwkne")
buffer = PackedFloat32Array(0.0994343, -0.154422, 0.300879, -4.81738, 0.0311707, 0.316464, 0.15212, 1.81904e-16, -0.336753, -0.016304, 0.102922, 0.0862337, 0.270541, 0.00518064, -0.63419, -2.18111, -0.299978, 0.608523, -0.122998, -1.10662e-15, 0.558781, 0.324174, 0.24102, -0.524609, -0.453074, -0.00674166, -0.39588, -6.90308, 0.183056, 0.529886, -0.218527, -1.45042e-15, 0.351079, -0.284988, -0.396948, -0.687591, -0.517756, 0.283424, 0.316835, 0.025051, 0.297429, 0.598253, -0.0491219, 1.18403e-15, -0.303725, 0.102704, -0.588206, 0.561303, 0.387188, 0.174611, -0.215268, 5.06599, -0.20807, 0.427425, -0.0275436, 6.68755e-16, 0.183129, 0.11646, 0.423845, 0.317032, 0.5185, -0.293274, 0.0529376, 6.25133, 0.240319, 0.474293, 0.273764, -7.75845e-16, -0.176235, -0.21608, 0.529061, -0.367799, -0.0647618, 0.133915, -0.336699, -5.50276, -0.0890375, 0.325667, 0.146653, 1.13457e-15, 0.351244, 0.107245, -0.0249047, 0.537859, -0.331787, -0.188036, -0.0350413, -3.54716, -0.127791, 0.270122, -0.239524, 6.54803e-16, 0.14232, -0.195818, -0.296763, 0.310418)

[node name="VinesTrainingRoom" type="Node3D"]

[node name="RankenPlane" type="MeshInstance3D" parent="."]
transform = Transform3D(-0.446494, 1.45643e-07, 0.894786, -1.50996e-07, -1, 8.74223e-08, 0.894786, -9.60754e-08, 0.446494, 9.78294, 17.45, 3.63055)
mesh = SubResource("PlaneMesh_ntce0")

[node name="Ranken" type="MultiMeshInstance3D" parent="RankenPlane"]
transform = Transform3D(1, 0, 0, 0, 1, 2.10942e-15, 0, 2.10942e-15, 1, 0, 0, 0)
multimesh = SubResource("MultiMesh_eaxxc")

[node name="RankenPlane2" type="MeshInstance3D" parent="."]
transform = Transform3D(-0.862293, 3.11123e-08, -0.50641, -8.74228e-08, -1, 8.74228e-08, -0.50641, 1.19656e-07, 0.862293, 3.35904, 13.6907, -9.45306)
mesh = SubResource("PlaneMesh_ntce0")

[node name="Ranken" type="MultiMeshInstance3D" parent="RankenPlane2"]
transform = Transform3D(1, 0, 0, 0, 1, 2.10942e-15, 0, 2.10942e-15, 1, 0, 0, 0)
multimesh = SubResource("MultiMesh_eaxxc")

[node name="RankenPlane3" type="MeshInstance3D" parent="."]
transform = Transform3D(0.561564, -1.2143e-07, -0.827434, -8.74228e-08, -1, 8.74228e-08, -0.827434, 2.32431e-08, -0.561564, -10.0876, 13.3103, -6.21487)
mesh = SubResource("PlaneMesh_ntce0")

[node name="Ranken" type="MultiMeshInstance3D" parent="RankenPlane3"]
transform = Transform3D(1, 0, 0, 0, 1, 2.10942e-15, 0, 2.10942e-15, 1, 0, 0, 0)
multimesh = SubResource("MultiMesh_eaxxc")

[node name="RankenPlane4" type="MeshInstance3D" parent="."]
transform = Transform3D(0.827434, -2.32431e-08, 0.561564, -8.74228e-08, -1, 8.74228e-08, 0.561564, -1.2143e-07, -0.827434, -7.61889, 13.3103, 10.7487)
mesh = SubResource("PlaneMesh_ntce0")

[node name="Ranken" type="MultiMeshInstance3D" parent="RankenPlane4"]
transform = Transform3D(1, 0, 0, 0, 1, 2.10942e-15, 0, 2.10942e-15, 1, 0, 0, 0)
multimesh = SubResource("MultiMesh_eaxxc")
